=== Random Forest ===
              precision    recall  f1-score   support

           1       0.45      0.96      0.61      1913
           2       0.74      0.75      0.75      1839
           3       0.52      0.69      0.59      1888
           4       0.94      0.92      0.93      2377
           5       0.87      0.82      0.85       973
           6       0.91      0.94      0.92      1634
           7       0.95      0.90      0.92      1870
           9       0.00      0.00      0.00       835
          10       0.89      0.57      0.69      3093
          11       0.00      0.00      0.00       544
          12       0.72      0.87      0.79      1158
          13       0.80      0.67      0.73      1037
          16       0.44      0.64      0.52      1741
          17       0.55      0.63      0.59      2373
          18       0.00      0.00      0.00       993
          19       0.33      0.23      0.27      1864
          20       0.56      0.38      0.45       466
          24       0.94      0.88      0.91       485

    accuracy                           0.66     27083
   macro avg       0.59      0.60      0.58     27083
weighted avg       0.64      0.66      0.63     27083